0 0.396484375 0.265625 0.1640625 0.1552734375
1 0.60009765625 0.2646484375 0.16650390625 0.1533203125
2 0.29541015625 0.46923828125 0.18408203125 0.15625
3 0.50146484375 0.46923828125 0.171875 0.15625
4 0.703125 0.46875 0.162109375 0.1533203125
5 0.39404296875 0.6708984375 0.1787109375 0.1533203125
6 0.59912109375 0.67333984375 0.17529296875 0.1552734375
0 0.1904296875 0.8583984375 0.056640625 0.05859375
1 0.2939453125 0.8583984375 0.05859375 0.0517578125
2 0.3974609375 0.86181640625 0.056640625 0.05859375
3 0.50146484375 0.8603515625 0.06103515625 0.06103515625
4 0.6044921875 0.85986328125 0.0576171875 0.0576171875
5 0.70947265625 0.85986328125 0.05419921875 0.0595703125
6 0.8134765625 0.85791015625 0.05517578125 0.0576171875