0 0.084 0.36923076923076925 0.077 0.10128205128205128
0 0.158 0.35512820512820514 0.075 0.09102564102564102
0 0.235 0.34615384615384615 0.076 0.08846153846153847
1 0.087 0.48653846153846153 0.084 0.10384615384615385
1 0.1675 0.4737179487179487 0.07 0.09230769230769231
1 0.241 0.4653846153846154 0.075 0.09871794871794871
2 0.1005 0.6032051282051282 0.08 0.10256410256410256
2 0.1745 0.5903846153846154 0.071 0.1
2 0.2525 0.5801282051282052 0.08 0.09743589743589744
3 0.1045 0.7205128205128205 0.083 0.09358974358974359
3 0.1835 0.7128205128205128 0.084 0.08974358974358974
3 0.265 0.7025641025641025 0.07 0.0858974358974359
4 0.5435 0.30705128205128207 0.069 0.09230769230769231
4 0.617 0.2955128205128205 0.081 0.09743589743589744
4 0.6945 0.2826923076923077 0.07 0.09102564102564102
5 0.5525 0.42243589743589743 0.074 0.10512820512820513
5 0.63 0.4128205128205128 0.076 0.09358974358974359
5 0.706 0.4012820512820513 0.073 0.09615384615384616
6 0.563 0.5397435897435897 0.076 0.1
6 0.6395 0.5282051282051282 0.082 0.09743589743589744
6 0.717 0.5205128205128206 0.085 0.09615384615384616