0 0.097 0.3141025641025641 0.07 0.09230769230769231
0 0.1715 0.31025641025641026 0.069 0.08205128205128205
0 0.249 0.31153846153846154 0.07 0.07948717948717948
1 0.0905 0.43141025641025643 0.077 0.09358974358974359
1 0.1715 0.42948717948717946 0.063 0.08461538461538462
1 0.245 0.4307692307692308 0.068 0.08974358974358974
2 0.0945 0.5493589743589744 0.073 0.09358974358974359
2 0.169 0.5461538461538461 0.064 0.09230769230769231
2 0.2475 0.5467948717948717 0.073 0.08846153846153847
3 0.0885 0.666025641025641 0.077 0.08333333333333333
3 0.168 0.6692307692307692 0.078 0.07948717948717948
3 0.25 0.6698717948717948 0.064 0.0782051282051282
4 0.559 0.3141025641025641 0.062 0.08461538461538462
4 0.633 0.3121794871794872 0.074 0.08846153846153847
4 0.711 0.3096153846153846 0.064 0.08333333333333333
5 0.5585 0.43012820512820515 0.067 0.09615384615384616
5 0.6365 0.4307692307692308 0.069 0.08461538461538462
5 0.713 0.42948717948717946 0.066 0.08717948717948718
6 0.5595 0.5480769230769231 0.069 0.09102564102564102
6 0.6365 0.5467948717948717 0.075 0.08846153846153847
6 0.714 0.5493589743589744 0.078 0.0858974358974359