0 0.9195 0.38782051282051283 0.079 0.10384615384615385
0 0.846 0.37051282051282053 0.077 0.09358974358974359
0 0.769 0.35833333333333334 0.078 0.09102564102564102
1 0.913 0.5051282051282051 0.086 0.1064102564102564
1 0.833 0.4891025641025641 0.072 0.09487179487179487
1 0.76 0.47692307692307695 0.077 0.10128205128205128
2 0.896 0.6211538461538462 0.082 0.10512820512820513
2 0.823 0.6044871794871794 0.073 0.10256410256410256
2 0.745 0.5916666666666667 0.082 0.1
3 0.8895 0.7378205128205129 0.085 0.09615384615384616
3 0.8105 0.7269230769230769 0.086 0.09230769230769231
3 0.729 0.7128205128205128 0.072 0.08846153846153847
4 0.462 0.30512820512820515 0.071 0.09487179487179487
4 0.3885 0.2903846153846154 0.083 0.10128205128205128
4 0.3115 0.27371794871794874 0.072 0.09358974358974359
5 0.4495 0.4205128205128205 0.077 0.1076923076923077
5 0.3725 0.40705128205128205 0.078 0.09615384615384616
5 0.2965 0.3923076923076923 0.075 0.09871794871794871
6 0.436 0.5371794871794872 0.078 0.10256410256410256
6 0.3595 0.5217948717948718 0.084 0.10128205128205128
6 0.2825 0.5108974358974359 0.087 0.09871794871794871