0 0.61962890625 0.2734375 0.17431640625 0.16650390625
1 0.41650390625 0.25830078125 0.1767578125 0.16455078125
2 0.706298828125 0.483642578125 0.1943359375 0.1689453125
3 0.500732421875 0.46923828125 0.18212890625 0.16796875
4 0.299560546875 0.45458984375 0.17236328125 0.1640625
5 0.59375 0.677978515625 0.18896484375 0.16552734375
6 0.388916015625 0.666015625 0.185546875 0.1669921875
0 0.783935546875 0.879150390625 0.060546875 0.0625
1 0.6806640625 0.871826171875 0.06201171875 0.0556640625
2 0.5771484375 0.8681640625 0.060546875 0.0625
3 0.473388671875 0.859375 0.06494140625 0.06494140625
4 0.37060546875 0.851806640625 0.0615234375 0.0615234375
5 0.265869140625 0.844482421875 0.05810546875 0.06298828125
6 0.162353515625 0.835205078125 0.05908203125 0.0615234375