0 0.591064453125 0.260498046875 0.171875 0.16357421875
1 0.3876953125 0.270263671875 0.17431640625 0.16162109375
2 0.70263671875 0.45849609375 0.19189453125 0.16552734375
3 0.496826171875 0.46923828125 0.1796875 0.1650390625
4 0.29541015625 0.4794921875 0.169921875 0.16162109375
5 0.61474609375 0.6650390625 0.1865234375 0.16259765625
6 0.41015625 0.67822265625 0.18310546875 0.1640625
0 0.827880859375 0.841796875 0.0595703125 0.0615234375
1 0.724609375 0.84716796875 0.06103515625 0.0546875
2 0.621337890625 0.85595703125 0.0595703125 0.0615234375
3 0.517333984375 0.85986328125 0.06396484375 0.06396484375
4 0.41455078125 0.86474609375 0.060546875 0.060546875
5 0.3095703125 0.870361328125 0.05712890625 0.0625
6 0.20556640625 0.873779296875 0.05810546875 0.060546875